1, 0.2120861, 0.2120861, 0.2120861, 0.2120861, 0.2120861, 0.2120861, 0.2120861, 0.2120861, 0.2120861, 0.2120861, 0.0027528, 0.3208708, 0.9982607, 0.9980954, 0.3648138, 1.0000000, 0.1728790, 9.6694570
2, 0.2120861, 0.1687914, 0.3375828, 0.3375828, 0.2748344, 0.2748344, 0.2912657, 0.2250552, 0.3375828, 0.2748344, 0.0055819, 0.2950301, 0.9972294, 0.9985322, 0.4827307, 1.0000000, 0.2136067, 10.0058973
3, 0.2748344, 0.1419426, 0.4258278, 0.4258278, 0.3042494, 0.3042494, 0.3353882, 0.2129139, 0.4258278, 0.3042494, 0.0084576, 0.2774002, 0.9964238, 0.9987530, 0.5536967, 1.0000000, 0.2412598, 10.1970294
4, 0.3251656, 0.1235927, 0.4943709, 0.4943709, 0.3213852, 0.3213852, 0.3649081, 0.1977483, 0.4943709, 0.3213852, 0.0113766, 0.2631779, 0.9957489, 0.9988960, 0.6092822, 1.0000000, 0.2652029, 10.3411859
5, 0.3674669, 0.1092715, 0.5463576, 0.5463576, 0.3317826, 0.3317826, 0.3850193, 0.1821192, 0.5463576, 0.3317826, 0.0143089, 0.2534219, 0.9950877, 0.9989846, 0.6513761, 1.0000000, 0.2822925, 10.4368195
6, 0.4032450, 0.0985375, 0.5912252, 0.5912252, 0.3392605, 0.3392605, 0.4010015, 0.1689215, 0.5912252, 0.3392605, 0.0172708, 0.2445926, 0.9945167, 0.9990587, 0.6824069, 1.0000000, 0.2982918, 10.5200686
7, 0.4345751, 0.0899007, 0.6293046, 0.6293046, 0.3447004, 0.3447004, 0.4136946, 0.1573262, 0.6293046, 0.3447004, 0.0202531, 0.2367941, 0.9939729, 0.9991155, 0.7112790, 1.0000000, 0.3118217, 10.5869415
8, 0.4623936, 0.0822848, 0.6582781, 0.6582781, 0.3483221, 0.3483221, 0.4228347, 0.1462840, 0.6582781, 0.3483221, 0.0232560, 0.2297386, 0.9934828, 0.9991648, 0.7325958, 1.0000000, 0.3247508, 10.6469030
9, 0.4868791, 0.0763061, 0.6867550, 0.6867550, 0.3514862, 0.3514862, 0.4314071, 0.1373510, 0.6867550, 0.3514862, 0.0262859, 0.2232877, 0.9930246, 0.9992067, 0.7520237, 1.0000000, 0.3376832, 10.7031671
10, 0.5090876, 0.0707947, 0.7079470, 0.7079470, 0.3536054, 0.3536054, 0.4375330, 0.1287176, 0.7079470, 0.3536054, 0.0293309, 0.2173148, 0.9926024, 0.9992438, 0.7671344, 1.0000000, 0.3496662, 10.7529138
1, 0.2154237, 0.2154237, 0.2154237, 0.2154237, 0.2154237, 0.2154237, 0.2154237, 0.2154237, 0.2154237, 0.2154237, 0.0027534, 0.3204801, 0.9982759, 0.9980454, 0.3275769, 1.0000000, 0.1653939, 9.5952914
2, 0.2154237, 0.1709767, 0.3419534, 0.3419534, 0.2786885, 0.2786885, 0.2952550, 0.2279689, 0.3419534, 0.2786885, 0.0055804, 0.2954898, 0.9972373, 0.9985035, 0.4436050, 1.0000000, 0.2078691, 9.9585933
3, 0.2786885, 0.1423844, 0.4271531, 0.4271531, 0.3070884, 0.3070884, 0.3378549, 0.2135765, 0.4271531, 0.3070884, 0.0084516, 0.2782762, 0.9964069, 0.9987256, 0.5124123, 1.0000000, 0.2345241, 10.1505461
4, 0.3281767, 0.1242207, 0.4968829, 0.4968829, 0.3245209, 0.3245209, 0.3678859, 0.1987532, 0.4968829, 0.3245209, 0.0113704, 0.2634185, 0.9957483, 0.9988796, 0.5677280, 1.0000000, 0.2595583, 10.3049679
5, 0.3703533, 0.1094435, 0.5472177, 0.5472177, 0.3345879, 0.3345879, 0.3873581, 0.1824059, 0.5472177, 0.3345879, 0.0143012, 0.2538739, 0.9950870, 0.9989714, 0.6092822, 1.0000000, 0.2769755, 10.4047444
6, 0.4057262, 0.0982067, 0.5892404, 0.5892404, 0.3415916, 0.3415916, 0.4023268, 0.1683544, 0.5892404, 0.3415916, 0.0172623, 0.2451481, 0.9945147, 0.9990475, 0.6478683, 1.0000000, 0.2935247, 10.4932848
7, 0.4363119, 0.0892898, 0.6250289, 0.6250289, 0.3467043, 0.3467043, 0.4142563, 0.1562572, 0.6250289, 0.3467043, 0.0202477, 0.2370884, 0.9939767, 0.9991067, 0.6772801, 1.0000000, 0.3075846, 10.5638906
8, 0.4632714, 0.0816497, 0.6531979, 0.6531979, 0.3502254, 0.3502254, 0.4231427, 0.1451551, 0.6531979, 0.3502254, 0.0232540, 0.2298652, 0.9934951, 0.9991582, 0.6994064, 1.0000000, 0.3212631, 10.6278320
9, 0.4870122, 0.0757331, 0.6815978, 0.6815978, 0.3533809, 0.3533809, 0.4316919, 0.1363196, 0.6815978, 0.3533809, 0.0262902, 0.2232349, 0.9930455, 0.9992018, 0.7234215, 1.0000000, 0.3349030, 10.6880804
10, 0.5086329, 0.0703071, 0.7030709, 0.7030709, 0.3555283, 0.3555283, 0.4378990, 0.1278311, 0.7030709, 0.3555283, 0.0293349, 0.2173066, 0.9926236, 0.9992394, 0.7396114, 1.0000000, 0.3470657, 10.7390196
1, 0.2035088, 0.2035088, 0.2035088, 0.2035088, 0.2035088, 0.2035088, 0.2035088, 0.2035088, 0.2035088, 0.2035088, 0.0027511, 0.3221136, 0.9982432, 0.9976595, 0.2142472, 1.0005851, 0.1298100, 9.1988594
2, 0.2035088, 0.1634503, 0.3269006, 0.3269006, 0.2652047, 0.2652047, 0.2813603, 0.2179337, 0.3269006, 0.2652047, 0.0055857, 0.2939465, 0.9972057, 0.9983113, 0.3205613, 1.0005851, 0.1777895, 9.6969679
3, 0.2652047, 0.1409357, 0.4228070, 0.4228070, 0.2971735, 0.2971735, 0.3293136, 0.2114035, 0.4228070, 0.2971735, 0.0084725, 0.2752603, 0.9964670, 0.9986281, 0.4007016, 1.0005851, 0.2139642, 9.9862739
4, 0.3177388, 0.1220760, 0.4883041, 0.4883041, 0.3135478, 0.3135478, 0.3575216, 0.1953216, 0.4883041, 0.3135478, 0.0113917, 0.2626892, 0.9957545, 0.9987930, 0.4633028, 1.0005851, 0.2409000, 10.1692334
5, 0.3603801, 0.1088889, 0.5444444, 0.5444444, 0.3247758, 0.3247758, 0.3792397, 0.1814815, 0.5444444, 0.3247758, 0.0143279, 0.2523649, 0.9951006, 0.9989037, 0.5086346, 1.0005851, 0.2607251, 10.2930356
6, 0.3971930, 0.0994152, 0.5964912, 0.5964912, 0.3334503, 0.3334503, 0.3977791, 0.1704261, 0.5964912, 0.3334503, 0.0172917, 0.2432563, 0.9945606, 0.9989965, 0.5477604, 1.0005851, 0.2790333, 10.3986592
7, 0.4304094, 0.0914787, 0.6403509, 0.6403509, 0.3397160, 0.3397160, 0.4123990, 0.1600877, 0.6403509, 0.3397160, 0.0202661, 0.2361229, 0.9940058, 0.9990606, 0.5798705, 1.0005851, 0.2937603, 10.4785403
8, 0.4604010, 0.0839181, 0.6713450, 0.6713450, 0.3435902, 0.3435902, 0.4221766, 0.1491878, 0.6713450, 0.3435902, 0.0232600, 0.2294804, 0.9934898, 0.9991136, 0.6055046, 1.0005851, 0.3065722, 10.5439545
9, 0.4867690, 0.0777778, 0.7000000, 0.7000000, 0.3467741, 0.3467741, 0.4308026, 0.1400000, 0.7000000, 0.3467741, 0.0262743, 0.2234714, 0.9929920, 0.9991568, 0.6284404, 1.0005851, 0.3185458, 10.6016166
10, 0.5104613, 0.0720468, 0.7204678, 0.7204678, 0.3488209, 0.3488209, 0.4367191, 0.1309942, 0.7204678, 0.3488209, 0.0293200, 0.2173761, 0.9925693, 0.9991989, 0.6500270, 1.0005851, 0.3313597, 10.6594855
1, 0.2096026, 0.2096026, 0.2096026, 0.2096026, 0.2096026, 0.2096026, 0.2096026, 0.2096026, 0.2096026, 0.2096026, 0.0027608, 0.3154450, 0.9983404, 0.9981751, 0.3680518, 1.0000000, 0.1768717, 9.7069777
2, 0.2096026, 0.1682119, 0.3364238, 0.3364238, 0.2730132, 0.2730132, 0.2896179, 0.2242826, 0.3364238, 0.2730132, 0.0055923, 0.2920342, 0.9972941, 0.9985645, 0.4897464, 1.0000000, 0.2176724, 10.0334506
3, 0.2730132, 0.1414459, 0.4243377, 0.4243377, 0.3023179, 0.3023179, 0.3335749, 0.2121689, 0.4243377, 0.3023179, 0.0084739, 0.2745057, 0.9965064, 0.9987805, 0.5572045, 1.0000000, 0.2457213, 10.2230176
4, 0.3234547, 0.1230132, 0.4920530, 0.4920530, 0.3192467, 0.3192467, 0.3627382, 0.1968212, 0.4920530, 0.3192467, 0.0113966, 0.2607327, 0.9958215, 0.9989142, 0.6146789, 1.0000000, 0.2695002, 10.3635742
5, 0.3656043, 0.1091722, 0.5458609, 0.5458609, 0.3300083, 0.3300083, 0.3835540, 0.1819536, 0.5458609, 0.3300083, 0.0143355, 0.2509710, 0.9951782, 0.9990027, 0.6581220, 1.0000000, 0.2869584, 10.4599526
6, 0.4016556, 0.0980408, 0.5882450, 0.5882450, 0.3370723, 0.3370723, 0.3986515, 0.1680700, 0.5882450, 0.3370723, 0.0173009, 0.2423025, 0.9946087, 0.9990740, 0.6875337, 1.0000000, 0.3027335, 10.5406578
7, 0.4327539, 0.0893330, 0.6253311, 0.6253311, 0.3423703, 0.3423703, 0.4110135, 0.1563328, 0.6253311, 0.3423703, 0.0202891, 0.2345318, 0.9940832, 0.9991312, 0.7158662, 1.0000000, 0.3167450, 10.6087549
8, 0.4602649, 0.0819329, 0.6554636, 0.6554636, 0.3461369, 0.3461369, 0.4205193, 0.1456586, 0.6554636, 0.3461369, 0.0232950, 0.2277676, 0.9935858, 0.9991777, 0.7393416, 1.0000000, 0.3293718, 10.6665778
9, 0.4846647, 0.0760670, 0.6846026, 0.6846026, 0.3493745, 0.3493745, 0.4292910, 0.1369205, 0.6846026, 0.3493745, 0.0263287, 0.2212836, 0.9931358, 0.9992190, 0.7549919, 1.0000000, 0.3422266, 10.7213652
10, 0.5068801, 0.0706291, 0.7062914, 0.7062914, 0.3515434, 0.3515434, 0.4355605, 0.1284166, 0.7062914, 0.3515434, 0.0293729, 0.2155446, 0.9927016, 0.9992537, 0.7695629, 1.0000000, 0.3536637, 10.7682510
1, 0.2121912, 0.2121912, 0.2121912, 0.2121912, 0.2121912, 0.2121912, 0.2121912, 0.2121912, 0.2121912, 0.2121912, 0.0027615, 0.3146218, 0.9983601, 0.9981296, 0.3297356, 1.0000000, 0.1687722, 9.6299638
2, 0.2121912, 0.1694759, 0.3389517, 0.3389517, 0.2755715, 0.2755715, 0.2921682, 0.2259678, 0.3389517, 0.2755715, 0.0055892, 0.2927863, 0.9972934, 0.9985316, 0.4479223, 1.0000000, 0.2109192, 9.9801616
3, 0.2755715, 0.1419226, 0.4257677, 0.4257677, 0.3045101, 0.3045101, 0.3355762, 0.2128839, 0.4257677, 0.3045101, 0.0084689, 0.2752255, 0.9964958, 0.9987552, 0.5159201, 1.0000000, 0.2391211, 10.1777705
4, 0.3256369, 0.1234126, 0.4936504, 0.4936504, 0.3214808, 0.3214808, 0.3648117, 0.1974602, 0.4936504, 0.3214808, 0.0113902, 0.2610023, 0.9958216, 0.9988979, 0.5731247, 1.0000000, 0.2638262, 10.3274760
5, 0.3676403, 0.1091203, 0.5456015, 0.5456015, 0.3318710, 0.3318710, 0.3849091, 0.1818672, 0.5456015, 0.3318710, 0.0143287, 0.2513861, 0.9951763, 0.9989893, 0.6162979, 1.0000000, 0.2816122, 10.4279219
6, 0.4032325, 0.0978604, 0.5871623, 0.5871623, 0.3387978, 0.3387978, 0.3997134, 0.1677607, 0.5871623, 0.3387978, 0.0172938, 0.2427007, 0.9946107, 0.9990635, 0.6516460, 1.0000000, 0.2979986, 10.5138708
7, 0.4338875, 0.0887291, 0.6211037, 0.6211037, 0.3436466, 0.3436466, 0.4110271, 0.1552759, 0.6211037, 0.3436466, 0.0202856, 0.2347302, 0.9940918, 0.9991232, 0.6826767, 1.0000000, 0.3127895, 10.5871507
8, 0.4606326, 0.0813323, 0.6506580, 0.6506580, 0.3473409, 0.3473409, 0.4203505, 0.1445907, 0.6506580, 0.3473409, 0.0232978, 0.2277186, 0.9936052, 0.9991720, 0.7088505, 1.0000000, 0.3262178, 10.6494068
9, 0.4843858, 0.0755792, 0.6802124, 0.6802124, 0.3506247, 0.3506247, 0.4292473, 0.1360425, 0.6802124, 0.3506247, 0.0263331, 0.2212164, 0.9931592, 0.9992144, 0.7266595, 1.0000000, 0.3393803, 10.7062227
10, 0.5061443, 0.0701686, 0.7016855, 0.7016855, 0.3527720, 0.3527720, 0.4354544, 0.1275792, 0.7016855, 0.3527720, 0.0293742, 0.2156450, 0.9927172, 0.9992488, 0.7433891, 1.0000000, 0.3509274, 10.7541414
1, 0.2029240, 0.2029240, 0.2029240, 0.2029240, 0.2029240, 0.2029240, 0.2029240, 0.2029240, 0.2029240, 0.2029240, 0.0027589, 0.3177862, 0.9983034, 0.9977196, 0.2172153, 1.0005851, 0.1327332, 9.2294998
2, 0.2029240, 0.1652047, 0.3304094, 0.3304094, 0.2666667, 0.2666667, 0.2833583, 0.2202729, 0.3304094, 0.2666667, 0.0056002, 0.2902119, 0.9972810, 0.9983489, 0.3273071, 1.0005851, 0.1816402, 9.7272476
3, 0.2666667, 0.1403509, 0.4210526, 0.4210526, 0.2968811, 0.2968811, 0.3286799, 0.2105263, 0.4210526, 0.2968811, 0.0084862, 0.2727630, 0.9965243, 0.9986472, 0.4033999, 1.0005851, 0.2167099, 10.0037251
4, 0.3181287, 0.1220760, 0.4883041, 0.4883041, 0.3136940, 0.3136940, 0.3576436, 0.1953216, 0.4883041, 0.3136940, 0.0114120, 0.2601720, 0.9958252, 0.9988107, 0.4686994, 1.0005851, 0.2442882, 10.1890344
5, 0.3606725, 0.1093567, 0.5467836, 0.5467836, 0.3253899, 0.3253899, 0.3802665, 0.1822612, 0.5467836, 0.3253899, 0.0143521, 0.2500091, 0.9951964, 0.9989229, 0.5129520, 1.0005851, 0.2647271, 10.3141573
6, 0.3978947, 0.0985380, 0.5912281, 0.5912281, 0.3327973, 0.3327973, 0.3960980, 0.1689223, 0.5912281, 0.3327973, 0.0173183, 0.2413659, 0.9946397, 0.9990097, 0.5523475, 1.0005851, 0.2827495, 10.4166893
7, 0.4301170, 0.0908939, 0.6362573, 0.6362573, 0.3392300, 0.3392300, 0.4111077, 0.1590643, 0.6362573, 0.3392300, 0.0202969, 0.2341046, 0.9941011, 0.9990743, 0.5825688, 1.0005851, 0.2972645, 10.4947286
8, 0.4595656, 0.0834795, 0.6678363, 0.6678363, 0.3431774, 0.3431774, 0.4210698, 0.1484081, 0.6678363, 0.3431774, 0.0232871, 0.2279554, 0.9935809, 0.9991250, 0.6090124, 1.0005851, 0.3097246, 10.5583858
9, 0.4855994, 0.0773229, 0.6959064, 0.6959064, 0.3462963, 0.3462963, 0.4295197, 0.1391813, 0.6959064, 0.3462963, 0.0263168, 0.2215049, 0.9931013, 0.9991689, 0.6346465, 1.0005851, 0.3231098, 10.6213217
10, 0.5089669, 0.0718129, 0.7181287, 0.7181287, 0.3485185, 0.3485185, 0.4359434, 0.1305688, 0.7181287, 0.3485185, 0.0293690, 0.2153316, 0.9926966, 0.9992116, 0.6543443, 1.0005851, 0.3356428, 10.6772461
1, 0.2104305, 0.2104305, 0.2104305, 0.2104305, 0.2104305, 0.2104305, 0.2104305, 0.2104305, 0.2104305, 0.2104305, 0.0027600, 0.3161265, 0.9983345, 0.9981692, 0.3702105, 1.0000000, 0.1770923, 9.7076080
2, 0.2104305, 0.1677980, 0.3355960, 0.3355960, 0.2730132, 0.2730132, 0.2894011, 0.2237307, 0.3355960, 0.2730132, 0.0055924, 0.2924078, 0.9972866, 0.9985608, 0.4916352, 1.0000000, 0.2180456, 10.0349564
3, 0.2730132, 0.1412252, 0.4236755, 0.4236755, 0.3023731, 0.3023731, 0.3334409, 0.2118377, 0.4236755, 0.3023731, 0.0084750, 0.2745423, 0.9965076, 0.9987809, 0.5599029, 1.0000000, 0.2462783, 10.2260790
4, 0.3232340, 0.1228063, 0.4912252, 0.4912252, 0.3192605, 0.3192605, 0.3625329, 0.1964901, 0.4912252, 0.3192605, 0.0114005, 0.2605307, 0.9958349, 0.9989175, 0.6179169, 1.0000000, 0.2704600, 10.3689058
5, 0.3652318, 0.1093046, 0.5465232, 0.5465232, 0.3303201, 0.3303201, 0.3839251, 0.1821744, 0.5465232, 0.3303201, 0.0143426, 0.2506145, 0.9951902, 0.9990051, 0.6605505, 1.0000000, 0.2883565, 10.4662741
6, 0.4014901, 0.0980408, 0.5882450, 0.5882450, 0.3372737, 0.3372737, 0.3987868, 0.1680700, 0.5882450, 0.3372737, 0.0173084, 0.2420078, 0.9946224, 0.9990763, 0.6891527, 1.0000000, 0.3037801, 10.5453435
7, 0.4326159, 0.0891202, 0.6238411, 0.6238411, 0.3423589, 0.3423589, 0.4106521, 0.1559603, 0.6238411, 0.3423589, 0.0202956, 0.2344203, 0.9940876, 0.9991319, 0.7172153, 1.0000000, 0.3173606, 10.6114698
8, 0.4599338, 0.0821192, 0.6569536, 0.6569536, 0.3464980, 0.3464980, 0.4210980, 0.1459897, 0.6569536, 0.3464980, 0.0233082, 0.2273268, 0.9936127, 0.9991810, 0.7412304, 1.0000000, 0.3308520, 10.6729459
9, 0.4845613, 0.0760854, 0.6847682, 0.6847682, 0.3495885, 0.3495885, 0.4294710, 0.1369536, 0.6847682, 0.3495885, 0.0263445, 0.2208643, 0.9931639, 0.9992222, 0.7579601, 1.0000000, 0.3438174, 10.7278031
10, 0.5068065, 0.0706457, 0.7064570, 0.7064570, 0.3517573, 0.3517573, 0.4357404, 0.1284467, 0.7064570, 0.3517573, 0.0293896, 0.2151755, 0.9927273, 0.9992563, 0.7703724, 1.0000000, 0.3550966, 10.7737386
1, 0.2138074, 0.2138074, 0.2138074, 0.2138074, 0.2138074, 0.2138074, 0.2138074, 0.2138074, 0.2138074, 0.2138074, 0.0027610, 0.3150863, 0.9983528, 0.9981223, 0.3313546, 1.0000000, 0.1689302, 9.6301015
2, 0.2138074, 0.1692450, 0.3384900, 0.3384900, 0.2761487, 0.2761487, 0.2924733, 0.2256600, 0.3384900, 0.2761487, 0.0055898, 0.2930710, 0.9972860, 0.9985278, 0.4495413, 1.0000000, 0.2112220, 9.9813792
3, 0.2761487, 0.1422304, 0.4266913, 0.4266913, 0.3055491, 0.3055491, 0.3365740, 0.2133456, 0.4266913, 0.3055491, 0.0084701, 0.2752773, 0.9964971, 0.9987557, 0.5180788, 1.0000000, 0.2397453, 10.1811359
4, 0.3263296, 0.1232972, 0.4931886, 0.4931886, 0.3221735, 0.3221735, 0.3652129, 0.1972755, 0.4931886, 0.3221735, 0.0113956, 0.2606572, 0.9958413, 0.9989028, 0.5760928, 1.0000000, 0.2650030, 10.3340325
5, 0.3680443, 0.1093974, 0.5469868, 0.5469868, 0.3329331, 0.3329331, 0.3860248, 0.1823289, 0.5469868, 0.3329331, 0.0143368, 0.2510150, 0.9951924, 0.9989925, 0.6192661, 1.0000000, 0.2832723, 10.4356595
6, 0.4038328, 0.0977065, 0.5862387, 0.5862387, 0.3394751, 0.3394751, 0.4000067, 0.1674968, 0.5862387, 0.3394751, 0.0173032, 0.2422707, 0.9946318, 0.9990670, 0.6535348, 1.0000000, 0.2992045, 10.5195710
7, 0.4342338, 0.0888281, 0.6217964, 0.6217964, 0.3445548, 0.3445548, 0.4118592, 0.1554491, 0.6217964, 0.3445548, 0.0202911, 0.2346666, 0.9940913, 0.9991231, 0.6837561, 1.0000000, 0.3130800, 10.5885287
8, 0.4610285, 0.0816497, 0.6531979, 0.6531979, 0.3484800, 0.3484800, 0.4217653, 0.1451551, 0.6531979, 0.3484800, 0.0233101, 0.2272982, 0.9936309, 0.9991752, 0.7093902, 1.0000000, 0.3274598, 10.6548109
9, 0.4850496, 0.0756561, 0.6809051, 0.6809051, 0.3515585, 0.3515585, 0.4301060, 0.1361810, 0.6809051, 0.3515585, 0.0263493, 0.2207711, 0.9931861, 0.9992174, 0.7293578, 1.0000000, 0.3407989, 10.7120543
10, 0.5068114, 0.0702609, 0.7026091, 0.7026091, 0.3537289, 0.3537289, 0.4363798, 0.1277471, 0.7026091, 0.3537289, 0.0293926, 0.2152294, 0.9927456, 0.9992516, 0.7444684, 1.0000000, 0.3523526, 10.7596070
1, 0.2017544, 0.2017544, 0.2017544, 0.2017544, 0.2017544, 0.2017544, 0.2017544, 0.2017544, 0.2017544, 0.2017544, 0.0027572, 0.3190173, 0.9983089, 0.9977251, 0.2185645, 1.0005851, 0.1336618, 9.2370704
2, 0.2017544, 0.1643275, 0.3286550, 0.3286550, 0.2652047, 0.2652047, 0.2818197, 0.2191033, 0.3286550, 0.2652047, 0.0055989, 0.2908104, 0.9972769, 0.9983468, 0.3275769, 1.0005851, 0.1819759, 9.7288447
3, 0.2652047, 0.1387914, 0.4163743, 0.4163743, 0.2944444, 0.2944444, 0.3256794, 0.2081871, 0.4163743, 0.2944444, 0.0084870, 0.2727613, 0.9965330, 0.9986501, 0.4050189, 1.0005851, 0.2171264, 10.0068132
4, 0.3155945, 0.1216374, 0.4865497, 0.4865497, 0.3119883, 0.3119883, 0.3559023, 0.1946199, 0.4865497, 0.3119883, 0.0114125, 0.2603326, 0.9958269, 0.9988111, 0.4692391, 1.0005851, 0.2443250, 10.1895129
5, 0.3583333, 0.1091228, 0.5456140, 0.5456140, 0.3238012, 0.3238012, 0.3787515, 0.1818713, 0.5456140, 0.3238012, 0.0143565, 0.2496897, 0.9951953, 0.9989227, 0.5126821, 1.0005851, 0.2650485, 10.3150637
6, 0.3957895, 0.0989279, 0.5935673, 0.5935673, 0.3317934, 0.3317934, 0.3958328, 0.1695906, 0.5935673, 0.3317934, 0.0173209, 0.2414139, 0.9946358, 0.9990090, 0.5545062, 1.0005851, 0.2831231, 10.4185584
7, 0.4287524, 0.0898914, 0.6292398, 0.6292398, 0.3368894, 0.3368894, 0.4077236, 0.1573099, 0.6292398, 0.3368894, 0.0203062, 0.2338717, 0.9941142, 0.9990761, 0.5847275, 1.0005851, 0.2983888, 10.4997143
8, 0.4573935, 0.0833333, 0.6666667, 0.6666667, 0.3415678, 0.3415678, 0.4195305, 0.1481481, 0.6666667, 0.3415678, 0.0233024, 0.2274633, 0.9936092, 0.9991285, 0.6117107, 1.0005851, 0.3113234, 10.5653559
9, 0.4835526, 0.0771930, 0.6947368, 0.6947368, 0.3446867, 0.3446867, 0.4279805, 0.1389474, 0.6947368, 0.3446867, 0.0263317, 0.2211516, 0.9931313, 0.9991723, 0.6368052, 1.0005851, 0.3247759, 10.6280875
10, 0.5070175, 0.0716374, 0.7163743, 0.7163743, 0.3468505, 0.3468505, 0.4342351, 0.1302499, 0.7163743, 0.3468505, 0.0293812, 0.2150807, 0.9927054, 0.9992125, 0.6559633, 1.0005851, 0.3365380, 10.6808454
1, 0.2107616, 0.2107616, 0.2107616, 0.2107616, 0.2107616, 0.2107616, 0.2107616, 0.2107616, 0.2107616, 0.2107616, 0.0027603, 0.3163734, 0.9983306, 0.9981653, 0.3718295, 1.0000000, 0.1779561, 9.7121194
2, 0.2107616, 0.1672185, 0.3344371, 0.3344371, 0.2725993, 0.2725993, 0.2887921, 0.2229581, 0.3344371, 0.2725993, 0.0055935, 0.2922771, 0.9972908, 0.9985629, 0.4921749, 1.0000000, 0.2188467, 10.0391817
3, 0.2725993, 0.1418322, 0.4254967, 0.4254967, 0.3029525, 0.3029525, 0.3343219, 0.2127483, 0.4254967, 0.3029525, 0.0084791, 0.2740101, 0.9965185, 0.9987845, 0.5604425, 1.0000000, 0.2471203, 10.2304923
4, 0.3235651, 0.1227649, 0.4910596, 0.4910596, 0.3193433, 0.3193433, 0.3625584, 0.1964238, 0.4910596, 0.3193433, 0.0114049, 0.2600585, 0.9958505, 0.9989214, 0.6179169, 1.0000000, 0.2713478, 10.3731521
5, 0.3654387, 0.1091391, 0.5456954, 0.5456954, 0.3302704, 0.3302704, 0.3836944, 0.1818985, 0.5456954, 0.3302704, 0.0143498, 0.2502311, 0.9952052, 0.9990081, 0.6632488, 1.0000000, 0.2897513, 10.4727319
6, 0.4014901, 0.0979581, 0.5877483, 0.5877483, 0.3372792, 0.3372792, 0.3986739, 0.1679281, 0.5877483, 0.3372792, 0.0173169, 0.2415704, 0.9946463, 0.9990803, 0.6907717, 1.0000000, 0.3051264, 10.5513514
7, 0.4325331, 0.0892384, 0.6246689, 0.6246689, 0.3425536, 0.3425536, 0.4109808, 0.1561672, 0.6246689, 0.3425536, 0.0203095, 0.2337671, 0.9941277, 0.9991376, 0.7201835, 1.0000000, 0.3193897, 10.6201273
8, 0.4599811, 0.0819743, 0.6557947, 0.6557947, 0.3464443, 0.3464443, 0.4207999, 0.1457322, 0.6557947, 0.3464443, 0.0233176, 0.2269961, 0.9936316, 0.9991834, 0.7441986, 1.0000000, 0.3320157, 10.6778706
9, 0.4844578, 0.0761038, 0.6849338, 0.6849338, 0.3496820, 0.3496820, 0.4295716, 0.1369868, 0.6849338, 0.3496820, 0.0263594, 0.2203698, 0.9931924, 0.9992253, 0.7595791, 1.0000000, 0.3453703, 10.7340474
10, 0.5067329, 0.0704801, 0.7048013, 0.7048013, 0.3516688, 0.3516688, 0.4353146, 0.1281457, 0.7048013, 0.3516688, 0.0294047, 0.2147145, 0.9927591, 0.9992595, 0.7725310, 1.0000000, 0.3566714, 10.7798614
1, 0.2147310, 0.2147310, 0.2147310, 0.2147310, 0.2147310, 0.2147310, 0.2147310, 0.2147310, 0.2147310, 0.2147310, 0.0027611, 0.3153298, 0.9983551, 0.9981245, 0.3332434, 1.0000000, 0.1699005, 9.6367536
2, 0.2147310, 0.1684369, 0.3368737, 0.3368737, 0.2758024, 0.2758024, 0.2917945, 0.2245825, 0.3368737, 0.2758024, 0.0055909, 0.2929237, 0.9972919, 0.9985308, 0.4503508, 1.0000000, 0.2121628, 9.9865239
3, 0.2758024, 0.1426153, 0.4278458, 0.4278458, 0.3061264, 0.3061264, 0.3372805, 0.2139229, 0.4278458, 0.3061264, 0.0084730, 0.2748465, 0.9965039, 0.9987579, 0.5178090, 1.0000000, 0.2400932, 10.1830346
4, 0.3264835, 0.1232972, 0.4931886, 0.4931886, 0.3224621, 0.3224621, 0.3654221, 0.1972755, 0.4931886, 0.3224621, 0.0113993, 0.2602712, 0.9958564, 0.9989066, 0.5755532, 1.0000000, 0.2656221, 10.3371785
5, 0.3681598, 0.1093050, 0.5465251, 0.5465251, 0.3331294, 0.3331294, 0.3860555, 0.1821750, 0.5465251, 0.3331294, 0.0143429, 0.2506957, 0.9952054, 0.9989951, 0.6211549, 1.0000000, 0.2843451, 10.4407777
6, 0.4038328, 0.0977065, 0.5862387, 0.5862387, 0.3397483, 0.3397483, 0.4002018, 0.1674968, 0.5862387, 0.3397483, 0.0173121, 0.2417945, 0.9946558, 0.9990710, 0.6559633, 1.0000000, 0.3006576, 10.5262744
7, 0.4342338, 0.0887951, 0.6215655, 0.6215655, 0.3447950, 0.3447950, 0.4119774, 0.1553914, 0.6215655, 0.3447950, 0.0203039, 0.2340545, 0.9941309, 0.9991288, 0.6864544, 1.0000000, 0.3150921, 10.5971543
8, 0.4609955, 0.0814477, 0.6515816, 0.6515816, 0.3485470, 0.3485470, 0.4214464, 0.1447959, 0.6515816, 0.3485470, 0.0233208, 0.2269142, 0.9936545, 0.9991781, 0.7126282, 1.0000000, 0.3288465, 10.6607246
9, 0.4848187, 0.0756818, 0.6811360, 0.6811360, 0.3518308, 0.3518308, 0.4303432, 0.1362272, 0.6811360, 0.3518308, 0.0263641, 0.2202964, 0.9932110, 0.9992202, 0.7325958, 1.0000000, 0.3422742, 10.7182280
10, 0.5066318, 0.0700993, 0.7009928, 0.7009928, 0.3538165, 0.3538165, 0.4360831, 0.1274532, 0.7009928, 0.3538165, 0.0294073, 0.2147372, 0.9927770, 0.9992548, 0.7471668, 1.0000000, 0.3538935, 10.7656450
1, 0.2005848, 0.2005848, 0.2005848, 0.2005848, 0.2005848, 0.2005848, 0.2005848, 0.2005848, 0.2005848, 0.2005848, 0.0027580, 0.3192725, 0.9982918, 0.9977080, 0.2196438, 1.0005851, 0.1341335, 9.2381629
2, 0.2005848, 0.1643275, 0.3286550, 0.3286550, 0.2646199, 0.2646199, 0.2813881, 0.2191033, 0.3286550, 0.2646199, 0.0055999, 0.2907217, 0.9972875, 0.9983521, 0.3275769, 1.0005851, 0.1822949, 9.7314812
3, 0.2646199, 0.1399610, 0.4198830, 0.4198830, 0.2950292, 0.2950292, 0.3270021, 0.2099415, 0.4198830, 0.2950292, 0.0084942, 0.2719726, 0.9965569, 0.9986580, 0.4066379, 1.0005851, 0.2186326, 10.0157151
4, 0.3163743, 0.1214912, 0.4859649, 0.4859649, 0.3115497, 0.3115497, 0.3554620, 0.1943860, 0.4859649, 0.3115497, 0.0114185, 0.2596425, 0.9958428, 0.9988151, 0.4700486, 1.0005851, 0.2452162, 10.1942433
5, 0.3587719, 0.1087719, 0.5438596, 0.5438596, 0.3231287, 0.3231287, 0.3778588, 0.1812865, 0.5438596, 0.3231287, 0.0143667, 0.2491440, 0.9952082, 0.9989252, 0.5140313, 1.0005851, 0.2662755, 10.3206471
6, 0.3957895, 0.0986355, 0.5918129, 0.5918129, 0.3311209, 0.3311209, 0.3949401, 0.1690894, 0.5918129, 0.3311209, 0.0173285, 0.2410750, 0.9946499, 0.9990114, 0.5550459, 1.0005851, 0.2839423, 10.4221417
7, 0.4284600, 0.0903926, 0.6327485, 0.6327485, 0.3369688, 0.3369688, 0.4085853, 0.1581871, 0.6327485, 0.3369688, 0.0203227, 0.2331152, 0.9941518, 0.9990815, 0.5863465, 1.0005851, 0.3001569, 10.5075733
8, 0.4576441, 0.0833333, 0.6666667, 0.6666667, 0.3412086, 0.3412086, 0.4192853, 0.1481481, 0.6666667, 0.3412086, 0.0233087, 0.2272677, 0.9936125, 0.9991289, 0.6133297, 1.0005851, 0.3118204, 10.5677541
9, 0.4837719, 0.0771930, 0.6947368, 0.6947368, 0.3443275, 0.3443275, 0.4277352, 0.1389474, 0.6947368, 0.3443275, 0.0263467, 0.2206070, 0.9931705, 0.9991766, 0.6384242, 1.0005851, 0.3263317, 10.6345781
10, 0.5072125, 0.0714620, 0.7146199, 0.7146199, 0.3463158, 0.3463158, 0.4334827, 0.1299309, 0.7146199, 0.3463158, 0.0293970, 0.2147053, 0.9927416, 0.9992161, 0.6586616, 1.0005851, 0.3379819, 10.6870734
1, 0.2112583, 0.2112583, 0.2112583, 0.2112583, 0.2112583, 0.2112583, 0.2112583, 0.2112583, 0.2112583, 0.2112583, 0.0027628, 0.3148963, 0.9983440, 0.9981787, 0.3729088, 1.0000000, 0.1787954, 9.7197203
2, 0.2112583, 0.1672185, 0.3344371, 0.3344371, 0.2728477, 0.2728477, 0.2889755, 0.2229581, 0.3344371, 0.2728477, 0.0055993, 0.2905755, 0.9973250, 0.9985799, 0.4956827, 1.0000000, 0.2207185, 10.0523163
3, 0.2728477, 0.1413355, 0.4240066, 0.4240066, 0.3027042, 0.3027042, 0.3337602, 0.2120033, 0.4240066, 0.3027042, 0.0084862, 0.2728930, 0.9965515, 0.9987955, 0.5650297, 1.0000000, 0.2493525, 10.2434886
4, 0.3232340, 0.1228477, 0.4913907, 0.4913907, 0.3195502, 0.3195502, 0.3627810, 0.1965563, 0.4913907, 0.3195502, 0.0114112, 0.2593578, 0.9958750, 0.9989275, 0.6203454, 1.0000000, 0.2727164, 10.3804013
5, 0.3652732, 0.1090728, 0.5453642, 0.5453642, 0.3303449, 0.3303449, 0.3836608, 0.1817881, 0.5453642, 0.3303449, 0.0143588, 0.2492762, 0.9952404, 0.9990151, 0.6648678, 1.0000000, 0.2911928, 10.4801644
6, 0.4012914, 0.0979857, 0.5879139, 0.5879139, 0.3374365, 0.3374365, 0.3988173, 0.1679754, 0.5879139, 0.3374365, 0.0173282, 0.2407606, 0.9946736, 0.9990848, 0.6934700, 1.0000000, 0.3065690, 10.5581449
7, 0.4323951, 0.0889073, 0.6223510, 0.6223510, 0.3423561, 0.3423561, 0.4102963, 0.1555877, 0.6223510, 0.3423561, 0.0203212, 0.2330394, 0.9941545, 0.9991414, 0.7223421, 1.0000000, 0.3208151, 10.6264353
8, 0.4595317, 0.0819950, 0.6559603, 0.6559603, 0.3465573, 0.3465573, 0.4208989, 0.1457689, 0.6559603, 0.3465573, 0.0233359, 0.2261455, 0.9936771, 0.9991891, 0.7468969, 1.0000000, 0.3342025, 10.6870633
9, 0.4840853, 0.0760486, 0.6844371, 0.6844371, 0.3497214, 0.3497214, 0.4294712, 0.1368874, 0.6844371, 0.3497214, 0.0263677, 0.2199787, 0.9932164, 0.9992280, 0.7595791, 1.0000000, 0.3462513, 10.7376185
10, 0.5063466, 0.0706291, 0.7062914, 0.7062914, 0.3519068, 0.3519068, 0.4357885, 0.1284166, 0.7062914, 0.3519068, 0.0294244, 0.2140319, 0.9927999, 0.9992635, 0.7741500, 1.0000000, 0.3584360, 10.7865847
1, 0.2151928, 0.2151928, 0.2151928, 0.2151928, 0.2151928, 0.2151928, 0.2151928, 0.2151928, 0.2151928, 0.2151928, 0.0027637, 0.3138921, 0.9983624, 0.9981319, 0.3335132, 1.0000000, 0.1706263, 9.6423900
2, 0.2151928, 0.1678596, 0.3357192, 0.3357192, 0.2754560, 0.2754560, 0.2912365, 0.2238128, 0.3357192, 0.2754560, 0.0055957, 0.2914820, 0.9973207, 0.9985452, 0.4522396, 1.0000000, 0.2133970, 9.9959642
3, 0.2754560, 0.1421535, 0.4264604, 0.4264604, 0.3057031, 0.3057031, 0.3366071, 0.2132302, 0.4264604, 0.3057031, 0.0084808, 0.2736377, 0.9965389, 0.9987696, 0.5205073, 1.0000000, 0.2422033, 10.1952646
4, 0.3257908, 0.1232972, 0.4931886, 0.4931886, 0.3223851, 0.3223851, 0.3653454, 0.1972755, 0.4931886, 0.3223851, 0.0114063, 0.2595698, 0.9958787, 0.9989122, 0.5790610, 1.0000000, 0.2671503, 10.3452556
5, 0.3676403, 0.1092127, 0.5460633, 0.5460633, 0.3329601, 0.3329601, 0.3858001, 0.1820211, 0.5460633, 0.3329601, 0.0143526, 0.2496998, 0.9952432, 0.9990027, 0.6243929, 1.0000000, 0.2858202, 10.4488487
6, 0.4033249, 0.0977834, 0.5867005, 0.5867005, 0.3397329, 0.3397329, 0.4002754, 0.1676287, 0.5867005, 0.3397329, 0.0173242, 0.2409929, 0.9946824, 0.9990755, 0.6589315, 1.0000000, 0.3021200, 10.5332339
7, 0.4338875, 0.0884982, 0.6194874, 0.6194874, 0.3444168, 0.3444168, 0.4112043, 0.1548719, 0.6194874, 0.3444168, 0.0203166, 0.2333088, 0.9941611, 0.9991331, 0.6896924, 1.0000000, 0.3167365, 10.6045541
8, 0.4604018, 0.0815054, 0.6520434, 0.6520434, 0.3484863, 0.3484863, 0.4214746, 0.1448985, 0.6520434, 0.3484863, 0.0233371, 0.2261640, 0.9936938, 0.9991830, 0.7158662, 1.0000000, 0.3307171, 10.6687561
9, 0.4843570, 0.0756561, 0.6809051, 0.6809051, 0.3516931, 0.3516931, 0.4301628, 0.1361810, 0.6809051, 0.3516931, 0.0263735, 0.2198360, 0.9932425, 0.9992237, 0.7325958, 1.0000000, 0.3433767, 10.7225851
10, 0.5061956, 0.0701916, 0.7019164, 0.7019164, 0.3537943, 0.3537943, 0.4362365, 0.1276212, 0.7019164, 0.3537943, 0.0294261, 0.2141159, 0.9928149, 0.9992586, 0.7490556, 1.0000000, 0.3554931, 10.7718858
1, 0.2011696, 0.2011696, 0.2011696, 0.2011696, 0.2011696, 0.2011696, 0.2011696, 0.2011696, 0.2011696, 0.2011696, 0.0027604, 0.3176964, 0.9983062, 0.9977224, 0.2188343, 1.0005851, 0.1336804, 9.2368359
2, 0.2011696, 0.1657895, 0.3315789, 0.3315789, 0.2663743, 0.2663743, 0.2834487, 0.2210526, 0.3315789, 0.2663743, 0.0056086, 0.2883629, 0.9973327, 0.9983747, 0.3302752, 1.0005851, 0.1844713, 9.7480870
3, 0.2663743, 0.1393762, 0.4181287, 0.4181287, 0.2952242, 0.2952242, 0.3267236, 0.2090643, 0.4181287, 0.2952242, 0.0084997, 0.2710882, 0.9965877, 0.9986683, 0.4104155, 1.0005851, 0.2204721, 10.0277636
4, 0.3169591, 0.1217836, 0.4871345, 0.4871345, 0.3124756, 0.3124756, 0.3564428, 0.1948538, 0.4871345, 0.3124756, 0.0114229, 0.2589438, 0.9958708, 0.9988221, 0.4703184, 1.0005851, 0.2460460, 10.1992878
5, 0.3595029, 0.1087719, 0.5438596, 0.5438596, 0.3238207, 0.3238207, 0.3783871, 0.1812865, 0.5438596, 0.3238207, 0.0143739, 0.2482939, 0.9952531, 0.9989342, 0.5169995, 1.0005851, 0.2682993, 10.3313557
6, 0.3963743, 0.0985380, 0.5912281, 0.5912281, 0.3317154, 0.3317154, 0.3952600, 0.1689223, 0.5912281, 0.3317154, 0.0173378, 0.2402451, 0.9946813, 0.9990166, 0.5555855, 1.0005851, 0.2852621, 10.4283358
7, 0.4288499, 0.0899749, 0.6298246, 0.6298246, 0.3372292, 0.3372292, 0.4081255, 0.1574561, 0.6298246, 0.3372292, 0.0203321, 0.2324332, 0.9941702, 0.9990841, 0.5874258, 1.0005851, 0.3008727, 10.5110303
8, 0.4575606, 0.0832602, 0.6660819, 0.6660819, 0.3417613, 0.3417613, 0.4195635, 0.1480182, 0.6660819, 0.3417613, 0.0233320, 0.2261635, 0.9936779, 0.9991371, 0.6160281, 1.0005851, 0.3144430, 10.5791419
9, 0.4836257, 0.0770630, 0.6935673, 0.6935673, 0.3448153, 0.3448153, 0.4278374, 0.1387135, 0.6935673, 0.3448153, 0.0263522, 0.2203917, 0.9931795, 0.9991776, 0.6403130, 1.0005851, 0.3267606, 10.6368320
10, 0.5069526, 0.0717544, 0.7175439, 0.7175439, 0.3472129, 0.3472129, 0.4347682, 0.1304625, 0.7175439, 0.3472129, 0.0294190, 0.2138677, 0.9927919, 0.9992211, 0.6608203, 1.0005851, 0.3398951, 10.6948377
1, 0.2109272, 0.2109272, 0.2109272, 0.2109272, 0.2109272, 0.2109272, 0.2109272, 0.2109272, 0.2109272, 0.2109272, 0.0027661, 0.3131495, 0.9983683, 0.9982030, 0.3780356, 1.0000000, 0.1814464, 9.7399416
2, 0.2109272, 0.1671358, 0.3342715, 0.3342715, 0.2725993, 0.2725993, 0.2887488, 0.2228477, 0.3342715, 0.2725993, 0.0056046, 0.2891570, 0.9973557, 0.9985953, 0.4978413, 1.0000000, 0.2229601, 10.0662937
3, 0.2725993, 0.1405629, 0.4216887, 0.4216887, 0.3017384, 0.3017384, 0.3324574, 0.2108444, 0.4216887, 0.3017384, 0.0084934, 0.2716016, 0.9965906, 0.9988085, 0.5671883, 1.0000000, 0.2515159, 10.2558095
4, 0.3222958, 0.1224752, 0.4899007, 0.4899007, 0.3187914, 0.3187914, 0.3618347, 0.1959603, 0.4899007, 0.3187914, 0.0114169, 0.2586495, 0.9959008, 0.9989340, 0.6206152, 1.0000000, 0.2741291, 10.3874700
5, 0.3641970, 0.1090066, 0.5450331, 0.5450331, 0.3298179, 0.3298179, 0.3831628, 0.1816777, 0.5450331, 0.3298179, 0.0143672, 0.2486166, 0.9952717, 0.9990214, 0.6686454, 1.0000000, 0.2928968, 10.4886478
6, 0.4003642, 0.0978753, 0.5872517, 0.5872517, 0.3368543, 0.3368543, 0.3982014, 0.1677862, 0.5872517, 0.3368543, 0.0173381, 0.2400430, 0.9947050, 0.9990900, 0.6969779, 1.0000000, 0.3081526, 10.5655388
7, 0.4315121, 0.0888127, 0.6216887, 0.6216887, 0.3417739, 0.3417739, 0.4096804, 0.1554222, 0.6216887, 0.3417739, 0.0203362, 0.2322141, 0.9941964, 0.9991474, 0.7258500, 1.0000000, 0.3229536, 10.6357577
8, 0.4586802, 0.0818502, 0.6548013, 0.6548013, 0.3459130, 0.3459130, 0.4201263, 0.1455114, 0.6548013, 0.3459130, 0.0233505, 0.2254617, 0.9937120, 0.9991934, 0.7479763, 1.0000000, 0.3359717, 10.6941817
9, 0.4831954, 0.0758646, 0.6827815, 0.6827815, 0.3490219, 0.3490219, 0.4285491, 0.1365563, 0.6827815, 0.3490219, 0.0263856, 0.2192634, 0.9932593, 0.9992328, 0.7622774, 1.0000000, 0.3482562, 10.7454677
10, 0.5053716, 0.0707119, 0.7071192, 0.7071192, 0.3514556, 0.3514556, 0.4355843, 0.1285671, 0.7071192, 0.3514556, 0.0294399, 0.2134836, 0.9928329, 0.9992668, 0.7757690, 1.0000000, 0.3599029, 10.7922286
1, 0.2145001, 0.2145001, 0.2145001, 0.2145001, 0.2145001, 0.2145001, 0.2145001, 0.2145001, 0.2145001, 0.2145001, 0.0027670, 0.3120611, 0.9983892, 0.9981587, 0.3389099, 1.0000000, 0.1732762, 9.6636925
2, 0.2145001, 0.1679751, 0.3359501, 0.3359501, 0.2752251, 0.2752251, 0.2911265, 0.2239668, 0.3359501, 0.2752251, 0.0056020, 0.2898485, 0.9973576, 0.9985637, 0.4549379, 1.0000000, 0.2159315, 10.0122765
3, 0.2752251, 0.1416917, 0.4250750, 0.4250750, 0.3049334, 0.3049334, 0.3356890, 0.2125375, 0.4250750, 0.3049334, 0.0084885, 0.2722284, 0.9965844, 0.9987848, 0.5234754, 1.0000000, 0.2444419, 10.2088108
4, 0.3251751, 0.1229508, 0.4918033, 0.4918033, 0.3216155, 0.3216155, 0.3644273, 0.1967213, 0.4918033, 0.3216155, 0.0114113, 0.2589434, 0.9958984, 0.9989171, 0.5790610, 1.0000000, 0.2683209, 10.3509090
5, 0.3668321, 0.1091203, 0.5456015, 0.5456015, 0.3323751, 0.3323751, 0.3852393, 0.1818672, 0.5456015, 0.3323751, 0.0143618, 0.2490391, 0.9952755, 0.9990091, 0.6276309, 1.0000000, 0.2877525, 10.4581943
6, 0.4025860, 0.0977449, 0.5864696, 0.5864696, 0.3391865, 0.3391865, 0.3997968, 0.1675628, 0.5864696, 0.3391865, 0.0173341, 0.2402922, 0.9947129, 0.9990805, 0.6621695, 1.0000000, 0.3036650, 10.5405199
7, 0.4332333, 0.0883992, 0.6187947, 0.6187947, 0.3438044, 0.3438044, 0.4105718, 0.1546987, 0.6187947, 0.3438044, 0.0203316, 0.2324932, 0.9942009, 0.9991388, 0.6932002, 1.0000000, 0.3187651, 10.6135844
8, 0.4597421, 0.0815343, 0.6522743, 0.6522743, 0.3479893, 0.3479893, 0.4211335, 0.1449498, 0.6522743, 0.3479893, 0.0233533, 0.2254171, 0.9937329, 0.9991879, 0.7177550, 1.0000000, 0.3326256, 10.6766922
9, 0.4838086, 0.0755792, 0.6802124, 0.6802124, 0.3510935, 0.3510935, 0.4295437, 0.1360425, 0.6802124, 0.3510935, 0.0263899, 0.2191821, 0.9932804, 0.9992279, 0.7361036, 1.0000000, 0.3451169, 10.7297021
10, 0.5056312, 0.0702609, 0.7026091, 0.7026091, 0.3533332, 0.3533332, 0.4360178, 0.1277471, 0.7026091, 0.3533332, 0.0294420, 0.2135358, 0.9928486, 0.9992619, 0.7506746, 1.0000000, 0.3569294, 10.7774218
1, 0.2017544, 0.2017544, 0.2017544, 0.2017544, 0.2017544, 0.2017544, 0.2017544, 0.2017544, 0.2017544, 0.2017544, 0.0027637, 0.3161639, 0.9983240, 0.9977402, 0.2207232, 1.0005851, 0.1352980, 9.2513878
2, 0.2017544, 0.1652047, 0.3304094, 0.3304094, 0.2660819, 0.2660819, 0.2829266, 0.2202729, 0.3304094, 0.2660819, 0.0056110, 0.2874899, 0.9973624, 0.9983896, 0.3316244, 1.0005851, 0.1857870, 9.7582645
3, 0.2660819, 0.1378168, 0.4134503, 0.4134503, 0.2937622, 0.2937622, 0.3244471, 0.2067251, 0.4134503, 0.2937622, 0.0085055, 0.2700961, 0.9966146, 0.9986773, 0.4106854, 1.0005851, 0.2219162, 10.0358765
4, 0.3152047, 0.1213450, 0.4853801, 0.4853801, 0.3117446, 0.3117446, 0.3554256, 0.1941520, 0.4853801, 0.3117446, 0.0114304, 0.2580283, 0.9959040, 0.9988304, 0.4730167, 1.0005851, 0.2475784, 10.2083208
5, 0.3577485, 0.1087719, 0.5438596, 0.5438596, 0.3234405, 0.3234405, 0.3780486, 0.1812865, 0.5438596, 0.3234405, 0.0143804, 0.2476413, 0.9952807, 0.9989397, 0.5188883, 1.0005851, 0.2691045, 10.3363932
6, 0.3949708, 0.0982456, 0.5894737, 0.5894737, 0.3310429, 0.3310429, 0.3942966, 0.1684211, 0.5894737, 0.3310429, 0.0173474, 0.2394852, 0.9947122, 0.9990218, 0.5572045, 1.0005851, 0.2866873, 10.4350999
7, 0.4273879, 0.0898914, 0.6292398, 0.6292398, 0.3367238, 0.3367238, 0.4075520, 0.1573099, 0.6292398, 0.3367238, 0.0203471, 0.2315839, 0.9942048, 0.9990891, 0.5893146, 1.0005851, 0.3024618, 10.5181365
8, 0.4562239, 0.0826754, 0.6614035, 0.6614035, 0.3407442, 0.3407442, 0.4176985, 0.1469786, 0.6614035, 0.3407442, 0.0233426, 0.2256399, 0.9936937, 0.9991391, 0.6173772, 1.0005851, 0.3153075, 10.5827758
9, 0.4818713, 0.0766082, 0.6894737, 0.6894737, 0.3438631, 0.3438631, 0.4261485, 0.1378947, 0.6894737, 0.3438631, 0.0263741, 0.2195214, 0.9932368, 0.9991840, 0.6422018, 1.0005851, 0.3292357, 10.6467663
10, 0.5049383, 0.0718713, 0.7187135, 0.7187135, 0.3467871, 0.3467871, 0.4346007, 0.1306752, 0.7187135, 0.3467871, 0.0294335, 0.2134001, 0.9928204, 0.9992240, 0.6648678, 1.0005851, 0.3413772, 10.7013456
1, 0.2107616, 0.2107616, 0.2107616, 0.2107616, 0.2107616, 0.2107616, 0.2107616, 0.2107616, 0.2107616, 0.2107616, 0.0027680, 0.3121666, 0.9983755, 0.9982102, 0.3799244, 1.0000000, 0.1825136, 9.7478215
2, 0.2107616, 0.1668046, 0.3336093, 0.3336093, 0.2721854, 0.2721854, 0.2882698, 0.2224062, 0.3336093, 0.2721854, 0.0056082, 0.2882172, 0.9973757, 0.9986053, 0.5002698, 1.0000000, 0.2244093, 10.0757164
3, 0.2721854, 0.1405629, 0.4216887, 0.4216887, 0.3015453, 0.3015453, 0.3323096, 0.2108444, 0.4216887, 0.3015453, 0.0084984, 0.2708579, 0.9966119, 0.9988156, 0.5706962, 1.0000000, 0.2530089, 10.2644337
4, 0.3220199, 0.1223510, 0.4894040, 0.4894040, 0.3184741, 0.3184741, 0.3614729, 0.1957616, 0.4894040, 0.3184741, 0.0114240, 0.2579688, 0.9959254, 0.9989401, 0.6235834, 1.0000000, 0.2758551, 10.3960689
5, 0.3638659, 0.1089735, 0.5448675, 0.5448675, 0.3295668, 0.3295668, 0.3829292, 0.1816225, 0.5448675, 0.3295668, 0.0143752, 0.2479983, 0.9952995, 0.9990269, 0.6708041, 1.0000000, 0.2944719, 10.4960569
6, 0.4000662, 0.0975166, 0.5850993, 0.5850993, 0.3362721, 0.3362721, 0.3972600, 0.1671712, 0.5850993, 0.3362721, 0.0173501, 0.2393144, 0.9947385, 0.9990956, 0.6996762, 1.0000000, 0.3101124, 10.5742558
7, 0.4309051, 0.0887417, 0.6211921, 0.6211921, 0.3414282, 0.3414282, 0.4092909, 0.1552980, 0.6211921, 0.3414282, 0.0203481, 0.2316940, 0.9942289, 0.9991520, 0.7271991, 1.0000000, 0.3248398, 10.6436828
8, 0.4580889, 0.0817053, 0.6536424, 0.6536424, 0.3454845, 0.3454845, 0.4195279, 0.1452539, 0.6536424, 0.3454845, 0.0233642, 0.2249304, 0.9937464, 0.9991977, 0.7493254, 1.0000000, 0.3378185, 10.7016043
9, 0.4825331, 0.0759014, 0.6831126, 0.6831126, 0.3487589, 0.3487589, 0.4283993, 0.1366225, 0.6831126, 0.3487589, 0.0264001, 0.2187832, 0.9932936, 0.9992366, 0.7638964, 1.0000000, 0.3500123, 10.7522932
10, 0.5048197, 0.0705795, 0.7057947, 0.7057947, 0.3510271, 0.3510271, 0.4349559, 0.1283263, 0.7057947, 0.3510271, 0.0294582, 0.2129296, 0.9928750, 0.9992711, 0.7787372, 1.0000000, 0.3619761, 10.8001038
1, 0.2140383, 0.2140383, 0.2140383, 0.2140383, 0.2140383, 0.2140383, 0.2140383, 0.2140383, 0.2140383, 0.2140383, 0.0027691, 0.3108677, 0.9983947, 0.9981642, 0.3399892, 1.0000000, 0.1740615, 9.6697363
2, 0.2140383, 0.1677442, 0.3354883, 0.3354883, 0.2747633, 0.2747633, 0.2906648, 0.2236589, 0.3354883, 0.2747633, 0.0056052, 0.2890015, 0.9973759, 0.9985728, 0.4573664, 1.0000000, 0.2173511, 10.0214960
3, 0.2747633, 0.1416917, 0.4250750, 0.4250750, 0.3046256, 0.3046256, 0.3354581, 0.2125375, 0.4250750, 0.3046256, 0.0084929, 0.2714922, 0.9966038, 0.9987912, 0.5259039, 1.0000000, 0.2455496, 10.2156170
4, 0.3248672, 0.1227776, 0.4911106, 0.4911106, 0.3211345, 0.3211345, 0.3638981, 0.1964442, 0.4911106, 0.3211345, 0.0114180, 0.2583713, 0.9959198, 0.9989225, 0.5822990, 1.0000000, 0.2699328, 10.3591633
5, 0.3664281, 0.1091203, 0.5456015, 0.5456015, 0.3320326, 0.3320326, 0.3849780, 0.1818672, 0.5456015, 0.3320326, 0.0143701, 0.2484046, 0.9953041, 0.9990149, 0.6300594, 1.0000000, 0.2893794, 10.4660598
6, 0.4022628, 0.0973601, 0.5841607, 0.5841607, 0.3384592, 0.3384592, 0.3987131, 0.1669031, 0.5841607, 0.3384592, 0.0173464, 0.2395198, 0.9947505, 0.9990868, 0.6651376, 1.0000000, 0.3056059, 10.5494845
7, 0.4325791, 0.0883333, 0.6183329, 0.6183329, 0.3433409, 0.3433409, 0.4101038, 0.1545832, 0.6183329, 0.3433409, 0.0203436, 0.2320430, 0.9942326, 0.9991433, 0.6942795, 1.0000000, 0.3206977, 10.6216305
8, 0.4591153, 0.0813611, 0.6508889, 0.6508889, 0.3474104, 0.3474104, 0.4203741, 0.1446420, 0.6508889, 0.3474104, 0.0233658, 0.2249508, 0.9937639, 0.9991918, 0.7182947, 1.0000000, 0.3342529, 10.6831494
9, 0.4830870, 0.0756048, 0.6804433, 0.6804433, 0.3506942, 0.3506942, 0.4292709, 0.1360887, 0.6804433, 0.3506942, 0.0264041, 0.2186714, 0.9933161, 0.9992319, 0.7369131, 1.0000000, 0.3467702, 10.7360400
10, 0.5050155, 0.0701916, 0.7019164, 0.7019164, 0.3528415, 0.3528415, 0.4354780, 0.1276212, 0.7019164, 0.3528415, 0.0294613, 0.2129371, 0.9928925, 0.9992663, 0.7531031, 1.0000000, 0.3590755, 10.7855258
1, 0.2023392, 0.2023392, 0.2023392, 0.2023392, 0.2023392, 0.2023392, 0.2023392, 0.2023392, 0.2023392, 0.2023392, 0.0027650, 0.3157146, 0.9983288, 0.9977449, 0.2218025, 1.0005851, 0.1361521, 9.2581999
2, 0.2023392, 0.1646199, 0.3292398, 0.3292398, 0.2657895, 0.2657895, 0.2824045, 0.2194932, 0.3292398, 0.2657895, 0.0056157, 0.2863157, 0.9973884, 0.9984026, 0.3335132, 1.0005851, 0.1874421, 9.7699349
3, 0.2657895, 0.1378168, 0.4134503, 0.4134503, 0.2938596, 0.2938596, 0.3245098, 0.2067251, 0.4134503, 0.2938596, 0.0085122, 0.2693339, 0.9966375, 0.9986849, 0.4139234, 1.0005851, 0.2237720, 10.0467983
4, 0.3150097, 0.1213450, 0.4853801, 0.4853801, 0.3118421, 0.3118421, 0.3554883, 0.1941520, 0.4853801, 0.3118421, 0.0114385, 0.2570731, 0.9959352, 0.9988382, 0.4743659, 1.0005851, 0.2488571, 10.2156676
5, 0.3576023, 0.1086550, 0.5432749, 0.5432749, 0.3234211, 0.3234211, 0.3778850, 0.1810916, 0.5432749, 0.3234211, 0.0143875, 0.2470642, 0.9953045, 0.9989445, 0.5207771, 1.0005851, 0.2703749, 10.3428919
6, 0.3947368, 0.0979532, 0.5877193, 0.5877193, 0.3308285, 0.3308285, 0.3937165, 0.1679198, 0.5877193, 0.3308285, 0.0173589, 0.2388680, 0.9947299, 0.9990247, 0.5590934, 1.0005851, 0.2879034, 10.4406887
7, 0.4269006, 0.0898079, 0.6286550, 0.6286550, 0.3366764, 0.3366764, 0.4073617, 0.1571637, 0.6286550, 0.3366764, 0.0203585, 0.2308871, 0.9942400, 0.9990941, 0.5906638, 1.0005851, 0.3037997, 10.5243221
8, 0.4557226, 0.0826023, 0.6608187, 0.6608187, 0.3406969, 0.3406969, 0.4175082, 0.1468486, 0.6608187, 0.3406969, 0.0233591, 0.2249441, 0.9937375, 0.9991445, 0.6206152, 1.0005851, 0.3173775, 10.5918387
9, 0.4813596, 0.0766732, 0.6900585, 0.6900585, 0.3439457, 0.3439457, 0.4263103, 0.1380117, 0.6900585, 0.3439457, 0.0263892, 0.2191190, 0.9932678, 0.9991874, 0.6449002, 1.0005851, 0.3308841, 10.6536455
10, 0.5045484, 0.0715789, 0.7157895, 0.7157895, 0.3465188, 0.3465188, 0.4337482, 0.1301435, 0.7157895, 0.3465188, 0.0294494, 0.2129597, 0.9928568, 0.9992276, 0.6672963, 1.0005851, 0.3429717, 10.7078463
1, 0.2115894, 0.2115894, 0.2115894, 0.2115894, 0.2115894, 0.2115894, 0.2115894, 0.2115894, 0.2115894, 0.2115894, 0.0027687, 0.3115879, 0.9983883, 0.9982230, 0.3812736, 1.0000000, 0.1829029, 9.7527971
2, 0.2115894, 0.1667219, 0.3334437, 0.3334437, 0.2725166, 0.2725166, 0.2884709, 0.2222958, 0.3334437, 0.2725166, 0.0056093, 0.2879080, 0.9973850, 0.9986099, 0.5016190, 1.0000000, 0.2249378, 10.0795194
3, 0.2725166, 0.1406181, 0.4218543, 0.4218543, 0.3019868, 0.3019868, 0.3326762, 0.2109272, 0.4218543, 0.3019868, 0.0085001, 0.2705638, 0.9966234, 0.9988195, 0.5704263, 1.0000000, 0.2536405, 10.2678568
4, 0.3222958, 0.1223924, 0.4895695, 0.4895695, 0.3189156, 0.3189156, 0.3618396, 0.1958278, 0.4895695, 0.3189156, 0.0114251, 0.2578495, 0.9959318, 0.9989417, 0.6249325, 1.0000000, 0.2762821, 10.3983847
5, 0.3641142, 0.1087417, 0.5437086, 0.5437086, 0.3297434, 0.3297434, 0.3827834, 0.1812362, 0.5437086, 0.3297434, 0.0143802, 0.2475423, 0.9953135, 0.9990297, 0.6718834, 1.0000000, 0.2953671, 10.5002816
6, 0.4000331, 0.0974890, 0.5849338, 0.5849338, 0.3366142, 0.3366142, 0.3974681, 0.1671239, 0.5849338, 0.3366142, 0.0173532, 0.2391208, 0.9947494, 0.9990975, 0.7015650, 1.0000000, 0.3108341, 10.5774866
7, 0.4308499, 0.0887181, 0.6210265, 0.6210265, 0.3417703, 0.3417703, 0.4094990, 0.1552566, 0.6210265, 0.3417703, 0.0203501, 0.2315558, 0.9942355, 0.9991530, 0.7285483, 1.0000000, 0.3252397, 10.6454295
8, 0.4580180, 0.0813121, 0.6504967, 0.6504967, 0.3454541, 0.3454541, 0.4187958, 0.1445548, 0.6504967, 0.3454541, 0.0233652, 0.2248043, 0.9937517, 0.9991984, 0.7495953, 1.0000000, 0.3380690, 10.7026560
9, 0.4820778, 0.0756806, 0.6811258, 0.6811258, 0.3488574, 0.3488574, 0.4280161, 0.1362252, 0.6811258, 0.3488574, 0.0264014, 0.2187234, 0.9932995, 0.9992372, 0.7652455, 1.0000000, 0.3504536, 10.7540728
10, 0.5041943, 0.0704470, 0.7044702, 0.7044702, 0.3511918, 0.3511918, 0.4347642, 0.1280855, 0.7044702, 0.3511918, 0.0294582, 0.2129071, 0.9928805, 0.9992716, 0.7776579, 1.0000000, 0.3621884, 10.8006919
1, 0.2154237, 0.2154237, 0.2154237, 0.2154237, 0.2154237, 0.2154237, 0.2154237, 0.2154237, 0.2154237, 0.2154237, 0.0027703, 0.3099518, 0.9984126, 0.9981821, 0.3402590, 1.0000000, 0.1745216, 9.6756391
2, 0.2154237, 0.1673978, 0.3347957, 0.3347957, 0.2751097, 0.2751097, 0.2907390, 0.2231971, 0.3347957, 0.2751097, 0.0056067, 0.2885356, 0.9973883, 0.9985790, 0.4570966, 1.0000000, 0.2175483, 10.0236549
3, 0.2751097, 0.1413838, 0.4241515, 0.4241515, 0.3048949, 0.3048949, 0.3354169, 0.2120757, 0.4241515, 0.3048949, 0.0084946, 0.2711734, 0.9966162, 0.9987954, 0.5267134, 1.0000000, 0.2462437, 10.2196372
4, 0.3247903, 0.1228931, 0.4915724, 0.4915724, 0.3217502, 0.3217502, 0.3644535, 0.1966290, 0.4915724, 0.3217502, 0.0114204, 0.2581395, 0.9959308, 0.9989252, 0.5828386, 1.0000000, 0.2705509, 10.3623509
5, 0.3664858, 0.1087509, 0.5437543, 0.5437543, 0.3321866, 0.3321866, 0.3846403, 0.1812514, 0.5437543, 0.3321866, 0.0143754, 0.2479756, 0.9953166, 0.9990174, 0.6316784, 1.0000000, 0.2902761, 10.4703430
6, 0.4019395, 0.0971292, 0.5827753, 0.5827753, 0.3386901, 0.3386901, 0.3985398, 0.1665072, 0.5827753, 0.3386901, 0.0173504, 0.2392739, 0.9947638, 0.9990890, 0.6659471, 1.0000000, 0.3064130, 10.5529758
7, 0.4320788, 0.0883333, 0.6183329, 0.6183329, 0.3437697, 0.3437697, 0.4103924, 0.1545832, 0.6183329, 0.3437697, 0.0203456, 0.2318881, 0.9942423, 0.9991447, 0.6948192, 1.0000000, 0.3211898, 10.6237095
8, 0.4586865, 0.0809282, 0.6474255, 0.6474255, 0.3474063, 0.3474063, 0.4195701, 0.1438723, 0.6474255, 0.3474063, 0.0233668, 0.2248515, 0.9937707, 0.9991927, 0.7193740, 1.0000000, 0.3346079, 10.6847240
9, 0.4822789, 0.0754509, 0.6790580, 0.6790580, 0.3509210, 0.3509210, 0.4290924, 0.1358116, 0.6790580, 0.3509210, 0.0264052, 0.2186453, 0.9933204, 0.9992323, 0.7371829, 1.0000000, 0.3472325, 10.7377657
10, 0.5041433, 0.0700762, 0.7007619, 0.7007619, 0.3530914, 0.3530914, 0.4353662, 0.1274113, 0.7007619, 0.3530914, 0.0294614, 0.2129101, 0.9928995, 0.9992670, 0.7517539, 1.0000000, 0.3592699, 10.7859972
1, 0.2017544, 0.2017544, 0.2017544, 0.2017544, 0.2017544, 0.2017544, 0.2017544, 0.2017544, 0.2017544, 0.2017544, 0.0027645, 0.3159905, 0.9983281, 0.9977443, 0.2209930, 1.0005851, 0.1357545, 9.2552478
2, 0.2017544, 0.1652047, 0.3304094, 0.3304094, 0.2660819, 0.2660819, 0.2829266, 0.2202729, 0.3304094, 0.2660819, 0.0056157, 0.2864036, 0.9973905, 0.9984036, 0.3335132, 1.0005851, 0.1877084, 9.7714969
3, 0.2660819, 0.1387914, 0.4163743, 0.4163743, 0.2947368, 0.2947368, 0.3259091, 0.2081871, 0.4163743, 0.2947368, 0.0085136, 0.2691025, 0.9966514, 0.9986895, 0.4139234, 1.0005851, 0.2244235, 10.0507819
4, 0.3161793, 0.1211988, 0.4847953, 0.4847953, 0.3118421, 0.3118421, 0.3553764, 0.1939181, 0.4847953, 0.3118421, 0.0114363, 0.2572389, 0.9959340, 0.9988379, 0.4735564, 1.0005851, 0.2485478, 10.2140857
5, 0.3583333, 0.1087719, 0.5438596, 0.5438596, 0.3236550, 0.3236550, 0.3782256, 0.1812865, 0.5438596, 0.3236550, 0.0143917, 0.2465400, 0.9953220, 0.9989480, 0.5207771, 1.0005851, 0.2707960, 10.3453719
6, 0.3954386, 0.0984405, 0.5906433, 0.5906433, 0.3314522, 0.3314522, 0.3948903, 0.1687552, 0.5906433, 0.3314522, 0.0173596, 0.2388069, 0.9947419, 0.9990267, 0.5607124, 1.0005851, 0.2885220, 10.4439331
7, 0.4279727, 0.0897243, 0.6280702, 0.6280702, 0.3367989, 0.3367989, 0.4073659, 0.1570175, 0.6280702, 0.3367989, 0.0203606, 0.2307916, 0.9942470, 0.9990951, 0.5922828, 1.0005851, 0.3044135, 10.5271645
8, 0.4565581, 0.0823099, 0.6584795, 0.6584795, 0.3406001, 0.3406001, 0.4169590, 0.1463288, 0.6584795, 0.3406001, 0.0233601, 0.2247501, 0.9937402, 0.9991449, 0.6203454, 1.0005851, 0.3174594, 10.5921820
9, 0.4817982, 0.0762833, 0.6865497, 0.6865497, 0.3437190, 0.3437190, 0.4254090, 0.1373099, 0.6865497, 0.3437190, 0.0263910, 0.2189736, 0.9932837, 0.9991892, 0.6459795, 1.0005851, 0.3313367, 10.6558623
10, 0.5045484, 0.0714035, 0.7140351, 0.7140351, 0.3464676, 0.3464676, 0.4333540, 0.1298246, 0.7140351, 0.3464676, 0.0294492, 0.2129485, 0.9928609, 0.9992280, 0.6678359, 1.0005851, 0.3434166, 10.7094098
1, 0.2109272, 0.2109272, 0.2109272, 0.2109272, 0.2109272, 0.2109272, 0.2109272, 0.2109272, 0.2109272, 0.2109272, 0.0027725, 0.3093516, 0.9984132, 0.9982479, 0.3831624, 1.0000000, 0.1847276, 9.7677232
2, 0.2109272, 0.1660596, 0.3321192, 0.3321192, 0.2715232, 0.2715232, 0.2873908, 0.2214128, 0.3321192, 0.2715232, 0.0056150, 0.2863835, 0.9974157, 0.9986253, 0.5043173, 1.0000000, 0.2269678, 10.0926121
3, 0.2715232, 0.1403974, 0.4211921, 0.4211921, 0.3012141, 0.3012141, 0.3319273, 0.2105960, 0.4211921, 0.3012141, 0.0085095, 0.2689456, 0.9966641, 0.9988330, 0.5742040, 1.0000000, 0.2558413, 10.2807992
4, 0.3214128, 0.1222682, 0.4890728, 0.4890728, 0.3181843, 0.3181843, 0.3611619, 0.1956291, 0.4890728, 0.3181843, 0.0114380, 0.2564565, 0.9959772, 0.9989531, 0.6287102, 1.0000000, 0.2790755, 10.4125193
5, 0.3633278, 0.1092384, 0.5461921, 0.5461921, 0.3296082, 0.3296082, 0.3832586, 0.1820640, 0.5461921, 0.3296082, 0.0143955, 0.2463825, 0.9953570, 0.9990384, 0.6762008, 1.0000000, 0.2977714, 10.5118469
6, 0.3999007, 0.0977649, 0.5865894, 0.5865894, 0.3363411, 0.3363411, 0.3976485, 0.1675970, 0.5865894, 0.3363411, 0.0173715, 0.2379823, 0.9947941, 0.9991049, 0.7075013, 1.0000000, 0.3134347, 10.5893751
7, 0.4310155, 0.0886944, 0.6208609, 0.6208609, 0.3412370, 0.3412370, 0.4090723, 0.1552152, 0.6208609, 0.3412370, 0.0203702, 0.2304686, 0.9942812, 0.9991595, 0.7325958, 1.0000000, 0.3276342, 10.6558533
8, 0.4581362, 0.0813121, 0.6504967, 0.6504967, 0.3449415, 0.3449415, 0.4184214, 0.1445548, 0.6504967, 0.3449415, 0.0233903, 0.2236888, 0.9938046, 0.9992050, 0.7525634, 1.0000000, 0.3405507, 10.7128047
9, 0.4821813, 0.0759014, 0.6831126, 0.6831126, 0.3485654, 0.3485654, 0.4282397, 0.1366225, 0.6831126, 0.3485654, 0.0264324, 0.2174827, 0.9933654, 0.9992446, 0.7682137, 1.0000000, 0.3534231, 10.7657901
10, 0.5045070, 0.0705132, 0.7051325, 0.7051325, 0.3507674, 0.3507674, 0.4346049, 0.1282059, 0.7051325, 0.3507674, 0.0294875, 0.2119668, 0.9929331, 0.9992769, 0.7825148, 1.0000000, 0.3647161, 10.8105993
1, 0.2145001, 0.2145001, 0.2145001, 0.2145001, 0.2145001, 0.2145001, 0.2145001, 0.2145001, 0.2145001, 0.2145001, 0.0027743, 0.3076094, 0.9984420, 0.9982114, 0.3432272, 1.0000000, 0.1769255, 9.6952139
2, 0.2145001, 0.1667051, 0.3334103, 0.3334103, 0.2739552, 0.2739552, 0.2895241, 0.2222735, 0.3334103, 0.2739552, 0.0056114, 0.2872677, 0.9974146, 0.9985922, 0.4589854, 1.0000000, 0.2189511, 10.0334573
3, 0.2739552, 0.1412299, 0.4236897, 0.4236897, 0.3040483, 0.3040483, 0.3346638, 0.2118448, 0.4236897, 0.3040483, 0.0085039, 0.2695686, 0.9966548, 0.9988082, 0.5302213, 1.0000000, 0.2482673, 10.2318838
4, 0.3238667, 0.1228354, 0.4913415, 0.4913415, 0.3209613, 0.3209613, 0.3637998, 0.1965366, 0.4913415, 0.3209613, 0.0114328, 0.2568694, 0.9959726, 0.9989356, 0.5874258, 1.0000000, 0.2730514, 10.3755625
5, 0.3657354, 0.1092588, 0.5462942, 0.5462942, 0.3319518, 0.3319518, 0.3850584, 0.1820981, 0.5462942, 0.3319518, 0.0143923, 0.2467144, 0.9953665, 0.9990273, 0.6359957, 1.0000000, 0.2929719, 10.4833747
6, 0.4018471, 0.0975140, 0.5850843, 0.5850843, 0.3384168, 0.3384168, 0.3988757, 0.1671669, 0.5850843, 0.3384168, 0.0173693, 0.2381504, 0.9948061, 0.9990961, 0.6710739, 1.0000000, 0.3089722, 10.5647185
7, 0.4323867, 0.0883663, 0.6185638, 0.6185638, 0.3431996, 0.3431996, 0.4100356, 0.1546410, 0.6185638, 0.3431996, 0.0203676, 0.2306609, 0.9942942, 0.9991521, 0.6991365, 1.0000000, 0.3236280, 10.6346797
8, 0.4589834, 0.0810148, 0.6481182, 0.6481182, 0.3468939, 0.3468939, 0.4193590, 0.1440263, 0.6481182, 0.3468939, 0.0233924, 0.2237071, 0.9938233, 0.9991992, 0.7218025, 1.0000000, 0.3370197, 10.6946277
9, 0.4826253, 0.0757074, 0.6813669, 0.6813669, 0.3505882, 0.3505882, 0.4293678, 0.1362734, 0.6813669, 0.3505882, 0.0264378, 0.2172957, 0.9933920, 0.9992403, 0.7398813, 1.0000000, 0.3502746, 10.7497579
10, 0.5047077, 0.0700531, 0.7005311, 0.7005311, 0.3525046, 0.3525046, 0.4349075, 0.1273693, 0.7005311, 0.3525046, 0.0294905, 0.2119311, 0.9929546, 0.9992725, 0.7563411, 1.0000000, 0.3617728, 10.7958254
1, 0.2017544, 0.2017544, 0.2017544, 0.2017544, 0.2017544, 0.2017544, 0.2017544, 0.2017544, 0.2017544, 0.2017544, 0.0027676, 0.3140243, 0.9983486, 0.9977648, 0.2215326, 1.0005851, 0.1364944, 9.2635693
2, 0.2017544, 0.1646199, 0.3292398, 0.3292398, 0.2654971, 0.2654971, 0.2821887, 0.2194932, 0.3292398, 0.2654971, 0.0056240, 0.2842297, 0.9974322, 0.9984245, 0.3367512, 1.0005851, 0.1902691, 9.7895991
3, 0.2654971, 0.1384016, 0.4152047, 0.4152047, 0.2941520, 0.2941520, 0.3251712, 0.2076023, 0.4152047, 0.2941520, 0.0085232, 0.2674515, 0.9966927, 0.9987033, 0.4163519, 1.0005851, 0.2259378, 10.0611799
4, 0.3153996, 0.1209064, 0.4836257, 0.4836257, 0.3112573, 0.3112573, 0.3546385, 0.1934503, 0.4836257, 0.3112573, 0.0114507, 0.2555353, 0.9959995, 0.9988543, 0.4770642, 1.0005851, 0.2519580, 10.2324732
5, 0.3574561, 0.1092398, 0.5461988, 0.5461988, 0.3237719, 0.3237719, 0.3788451, 0.1820663, 0.5461988, 0.3237719, 0.0144030, 0.2456378, 0.9953479, 0.9989532, 0.5232056, 1.0005851, 0.2724417, 10.3534168
6, 0.3952047, 0.0984405, 0.5906433, 0.5906433, 0.3311793, 0.3311793, 0.3946765, 0.1687552, 0.5906433, 0.3311793, 0.0173765, 0.2376313, 0.9947869, 0.9990342, 0.5628710, 1.0005851, 0.2903944, 10.4529418
7, 0.4277778, 0.0895572, 0.6269006, 0.6269006, 0.3363590, 0.3363590, 0.4067623, 0.1567251, 0.6269006, 0.3363590, 0.0203758, 0.2300591, 0.9942695, 0.9990983, 0.5955208, 1.0005851, 0.3059718, 10.5341009
8, 0.4562239, 0.0820906, 0.6567251, 0.6567251, 0.3400870, 0.3400870, 0.4161709, 0.1459389, 0.6567251, 0.3400870, 0.0233839, 0.2237086, 0.9937959, 0.9991518, 0.6235834, 1.0005851, 0.3198267, 10.6024952
9, 0.4812865, 0.0764133, 0.6877193, 0.6877193, 0.3435308, 0.3435308, 0.4255011, 0.1375439, 0.6877193, 0.3435308, 0.0264180, 0.2180096, 0.9933313, 0.9991945, 0.6492175, 1.0005851, 0.3335705, 10.6651588
10, 0.5042235, 0.0716959, 0.7169591, 0.7169591, 0.3464548, 0.3464548, 0.4339532, 0.1303562, 0.7169591, 0.3464548, 0.0294791, 0.2121071, 0.9929094, 0.9992329, 0.6716136, 1.0005851, 0.3456414, 10.7184641
1, 0.2100993, 0.2100993, 0.2100993, 0.2100993, 0.2100993, 0.2100993, 0.2100993, 0.2100993, 0.2100993, 0.2100993, 0.0027737, 0.3087288, 0.9984218, 0.9982565, 0.3850513, 1.0000000, 0.1858727, 9.7760523
2, 0.2100993, 0.1659768, 0.3319536, 0.3319536, 0.2710265, 0.2710265, 0.2869808, 0.2213024, 0.3319536, 0.2710265, 0.0056178, 0.2856098, 0.9974321, 0.9986335, 0.5051268, 1.0000000, 0.2281689, 10.0999678
3, 0.2710265, 0.1401214, 0.4203642, 0.4203642, 0.3004967, 0.3004967, 0.3311861, 0.2101821, 0.4203642, 0.3004967, 0.0085136, 0.2682028, 0.9966879, 0.9988409, 0.5769023, 1.0000000, 0.2574586, 10.2897958
4, 0.3208057, 0.1222268, 0.4889073, 0.4889073, 0.3176325, 0.3176325, 0.3607060, 0.1955629, 0.4889073, 0.3176325, 0.0114433, 0.2556937, 0.9960059, 0.9989603, 0.6300594, 1.0000000, 0.2800336, 10.4181331
5, 0.3628311, 0.1091060, 0.5455298, 0.5455298, 0.3289570, 0.3289570, 0.3826106, 0.1818433, 0.5455298, 0.3289570, 0.0144006, 0.2458512, 0.9953773, 0.9990425, 0.6762008, 1.0000000, 0.2985791, 10.5156723
6, 0.3993709, 0.0975717, 0.5854305, 0.5854305, 0.3356071, 0.3356071, 0.3968235, 0.1672658, 0.5854305, 0.3356071, 0.0173746, 0.2377501, 0.9948046, 0.9991066, 0.7077712, 1.0000000, 0.3139225, 10.5916140
7, 0.4303808, 0.0888127, 0.6216887, 0.6216887, 0.3407868, 0.3407868, 0.4089096, 0.1554222, 0.6216887, 0.3407868, 0.0203735, 0.2301827, 0.9942927, 0.9991612, 0.7325958, 1.0000000, 0.3279635, 10.6573955
8, 0.4577105, 0.0813535, 0.6508278, 0.6508278, 0.3444292, 0.3444292, 0.4181020, 0.1446284, 0.6508278, 0.3444292, 0.0233941, 0.2234914, 0.9938121, 0.9992059, 0.7525634, 1.0000000, 0.3410263, 10.7146275
9, 0.4818502, 0.0756806, 0.6811258, 0.6811258, 0.3477956, 0.3477956, 0.4272226, 0.1362252, 0.6811258, 0.3477956, 0.0264344, 0.2173731, 0.9933708, 0.9992451, 0.7692930, 1.0000000, 0.3536528, 10.7669253
10, 0.5039919, 0.0704636, 0.7046358, 0.7046358, 0.3501466, 0.3501466, 0.4340185, 0.1281156, 0.7046358, 0.3501466, 0.0294931, 0.2118095, 0.9929435, 0.9992779, 0.7833243, 1.0000000, 0.3653437, 10.8129360
1, 0.2135765, 0.2135765, 0.2135765, 0.2135765, 0.2135765, 0.2135765, 0.2135765, 0.2135765, 0.2135765, 0.2135765, 0.0027754, 0.3069158, 0.9984535, 0.9982230, 0.3448462, 1.0000000, 0.1779800, 9.7035550
2, 0.2135765, 0.1668206, 0.3336412, 0.3336412, 0.2736089, 0.2736089, 0.2893289, 0.2224275, 0.3336412, 0.2736089, 0.0056157, 0.2861439, 0.9974375, 0.9986036, 0.4614139, 1.0000000, 0.2209024, 10.0453632
3, 0.2736089, 0.1412299, 0.4236897, 0.4236897, 0.3036250, 0.3036250, 0.3343531, 0.2118448, 0.4236897, 0.3036250, 0.0085077, 0.2688952, 0.9966756, 0.9988152, 0.5337291, 1.0000000, 0.2497531, 10.2404835
4, 0.3236358, 0.1226045, 0.4904179, 0.4904179, 0.3203071, 0.3203071, 0.3630914, 0.1961672, 0.4904179, 0.3203071, 0.0114374, 0.2562710, 0.9959930, 0.9989407, 0.5876956, 1.0000000, 0.2738522, 10.3798299
5, 0.3653313, 0.1093974, 0.5469868, 0.5469868, 0.3316209, 0.3316209, 0.3849753, 0.1823289, 0.5469868, 0.3316209, 0.0143957, 0.2463181, 0.9953798, 0.9990300, 0.6359957, 1.0000000, 0.2934511, 10.4856995
6, 0.4016624, 0.0972832, 0.5836989, 0.5836989, 0.3377396, 0.3377396, 0.3980524, 0.1667711, 0.5836989, 0.3377396, 0.0173723, 0.2378903, 0.9948172, 0.9990979, 0.6705343, 1.0000000, 0.3093400, 10.5663798
7, 0.4320018, 0.0884322, 0.6190256, 0.6190256, 0.3427862, 0.3427862, 0.4098280, 0.1547564, 0.6190256, 0.3427862, 0.0203721, 0.2302929, 0.9943085, 0.9991541, 0.6985969, 1.0000000, 0.3240385, 10.6364863
8, 0.4587195, 0.0810436, 0.6483491, 0.6483491, 0.3464517, 0.3464517, 0.4190785, 0.1440776, 0.6483491, 0.3464517, 0.0233958, 0.2235143, 0.9938291, 0.9992000, 0.7220723, 1.0000000, 0.3373883, 10.6960919
9, 0.4824232, 0.0754509, 0.6790580, 0.6790580, 0.3498638, 0.3498638, 0.4283228, 0.1358116, 0.6790580, 0.3498638, 0.0264385, 0.2172363, 0.9933934, 0.9992404, 0.7406908, 1.0000000, 0.3503787, 10.7503306
10, 0.5042715, 0.0700531, 0.7005311, 0.7005311, 0.3520111, 0.3520111, 0.4345299, 0.1273693, 0.7005311, 0.3520111, 0.0294955, 0.2118240, 0.9929641, 0.9992735, 0.7574204, 1.0000000, 0.3624021, 10.7982322
1, 0.2011696, 0.2011696, 0.2011696, 0.2011696, 0.2011696, 0.2011696, 0.2011696, 0.2011696, 0.2011696, 0.2011696, 0.0027690, 0.3135811, 0.9983466, 0.9977627, 0.2220723, 1.0005851, 0.1369380, 9.2666823
2, 0.2011696, 0.1640351, 0.3280702, 0.3280702, 0.2646199, 0.2646199, 0.2812349, 0.2187135, 0.3280702, 0.2646199, 0.0056230, 0.2843435, 0.9974343, 0.9984255, 0.3362115, 1.0005851, 0.1901826, 9.7891434
3, 0.2646199, 0.1374269, 0.4122807, 0.4122807, 0.2926901, 0.2926901, 0.3233402, 0.2061404, 0.4122807, 0.2926901, 0.0085283, 0.2665333, 0.9967287, 0.9987153, 0.4179709, 1.0005851, 0.2273909, 10.0706779
4, 0.3138402, 0.1213450, 0.4853801, 0.4853801, 0.3109649, 0.3109649, 0.3548224, 0.1941520, 0.4853801, 0.3109649, 0.0114577, 0.2543565, 0.9960483, 0.9988664, 0.4789530, 1.0005851, 0.2531784, 10.2407911
5, 0.3567251, 0.1084211, 0.5421053, 0.5421053, 0.3223099, 0.3223099, 0.3767667, 0.1807018, 0.5421053, 0.3223099, 0.0144121, 0.2447649, 0.9953867, 0.9989609, 0.5248246, 1.0005851, 0.2739468, 10.3613329
6, 0.3938012, 0.0983431, 0.5900585, 0.5900585, 0.3303021, 0.3303021, 0.3938480, 0.1685881, 0.5900585, 0.3303021, 0.0173798, 0.2374698, 0.9947964, 0.9990358, 0.5636805, 1.0005851, 0.2910479, 10.4559353
7, 0.4265107, 0.0898079, 0.6286550, 0.6286550, 0.3358159, 0.3358159, 0.4067135, 0.1571637, 0.6286550, 0.3358159, 0.0203764, 0.2299815, 0.9942738, 0.9990989, 0.5960604, 1.0005851, 0.3059251, 10.5342535
8, 0.4553885, 0.0821637, 0.6573099, 0.6573099, 0.3393978, 0.3393978, 0.4157531, 0.1460689, 0.6573099, 0.3393978, 0.0233889, 0.2234995, 0.9938053, 0.9991530, 0.6233135, 1.0005851, 0.3202079, 10.6040096
9, 0.4806287, 0.0762833, 0.6865497, 0.6865497, 0.3426467, 0.3426467, 0.4245552, 0.1373099, 0.6865497, 0.3426467, 0.0264231, 0.2177728, 0.9933493, 0.9991965, 0.6513761, 1.0005851, 0.3342620, 10.6684877
10, 0.5035088, 0.0715205, 0.7152047, 0.7152047, 0.3455122, 0.3455122, 0.4328383, 0.1300372, 0.7152047, 0.3455122, 0.0294861, 0.2118226, 0.9929184, 0.9992338, 0.6718834, 1.0005851, 0.3460408, 10.7200290
